           3         380
  0.66602336011914420       0.49251263835213410       0.56004791391792241     
  0.38710808067652824       0.49886647251815952       0.32515772566843959     
  0.92070892920485758       0.12973150651438703       0.34847686948705436     
  0.40917353089449837       0.87478550310864134       0.13406369324188305     
  0.59360910016206947       0.88730993718949058       0.46012699162703274     
  0.72488478034847714       0.77611678228206937        5.2912032565700984E-002
  0.84269009914437998       0.90742325346802821       0.22344335912531332     
  0.53264414379999714       0.35254252283985454       0.61352133238380913     
  0.11538488561839666       0.66565613369402654       0.15455661516418739     
  0.50043453839738750       0.47551095005172261       0.41842813759769348     
  0.94442333158201908       0.71609216242221396       0.20281712218779546     
  0.71660115618887410       0.19583031192002320       0.21670432185194921     
  0.54862044699792267       0.55141250002209019        8.0035100283336491E-002
  0.14338624555385182        7.2979082448631161E-002   6.8539552416498117E-002
   9.1228383234650878E-002  0.10278756554881385       0.10632848495335245     
  0.79255383459068762       0.52044344248994234       0.48477554900999242     
  0.91663103837898596       0.92965980250191083       0.69947704219508477     
  0.80715993677920905       0.62828707609329504       0.99378583750659166     
  0.54495020428125973       0.76758483149569678       0.52756255707712396     
  0.75022787593003704       0.53213386559843678       0.90612632743285781     
   9.3470538438300887E-002  0.24559105482889265       0.67215513650568059     
  0.44879846151134350       0.12687157984775488       0.51117501786940911     
  0.52264164068110819       0.76470475730977261       0.85961324950229157     
  0.86224877595962579       0.88283446487260486        1.0865104387377089E-002
  0.45736104148169965       0.20015496311787351       0.28038906507086658     
  0.91061754541004603       0.31827058843280387       0.49317164061854279     
  0.48084327567194451       0.43928060489857423       0.75856416752708433     
  0.36829455765753372       0.81213601784006550       0.99715663617027395     
  0.71482372436387298       0.92227607741490603       0.97422752231645116     
  0.24385181325248362       0.11237285237102768       0.72444398799994858     
   3.7992378744596822E-002  0.80879081936546759       0.32521507051190812     
  0.88945531657496379        6.9202721858948268E-002  0.35714920725224475     
  0.96397106119853304       0.42227259960720875       0.21188879136501571     
  0.80931706410544979       0.73908860899360473       0.67630197676202597     
  0.27954153227586109       0.61530341087686224       0.13920158662686954     
  0.19182089150587434       0.56294825481929278       0.81272028791944795     
  0.71948950450689586       0.97648602905245918       0.98535958073581342     
  0.92252520125544069       0.40672789139697096        1.0308864320140998E-004
   8.9877623596288370E-002  0.42209796987974213       0.97009251260173035     
   9.7557075466407239E-002  0.48650941577748164       0.31515272128188110     
  0.15421260655100066       0.34904486302858351       0.95512128764132509     
  0.80220078183863341       0.16132519892792063       0.35827372633895538     
  0.15860598841440443       0.32522849769857320        5.3929962903035311E-002
  0.74533746453223271       0.10583492726548316        4.0780748308529735E-002
  0.69989771390374100        7.4005106707014101E-002  0.91723362519654739     
  0.84810688359753050       0.26500213102188253       0.67324287320806464     
  0.18262251048570211       0.20702441501100755       0.19718704460871128     
  0.35690629963661347       0.60912672387239930       0.89300425839743669     
  0.56036964027801728       0.27294988447608914       0.44680887035259098     
  0.54934870921497703       0.98647528618801739       0.83587528765158681     
  0.15095731892117537       0.48216456467168356       0.95996139328102437     
  0.95937154297882077       0.35994624462514446        3.4019162549560167E-002
  0.70297788570743969        8.7364046774225934E-002   1.2201702590268426E-002
  0.27045398291755141       0.22129671471442958       0.10155846763238785     
  0.45234703936179865       0.58513219740242728        4.6118030767950624E-002
  0.98216488053465700       0.77891747408216272       0.16768414865106396     
  0.67437986507439407       0.93094595036548455       0.28719282096208110     
  0.57219162484359654       0.55196302847534096       0.87053691437692271     
  0.45089888494506691       0.54611678000653607       0.29460369919226725     
  0.48876944285145996       0.33210062747020563        3.3112942377788057E-002
  0.99131735243349828       0.54675702766960832       0.44738004039146850     
  0.48781625579280297       0.76208472932536808       0.87821196097927579     
  0.79682531505945620       0.76619393127375213       0.41315192052766303     
   4.3179649126112718E-003  0.61328192404845150       0.38664914710866605     
  0.81663838329810334       0.22382556673889553       0.59903380513370641     
  0.51166522725987285       0.59958685907495024       0.36932780664994935     
  0.72780588277734415       0.54569644681492868       0.73629115761778652     
  0.60701651338260454       0.21419928011538214       0.11484355336592067     
  0.15759272697688320        3.5973469432629357E-002  0.93506449769873135     
  0.24079376250607432        7.0482017084119497E-002  0.48047009353056092     
   6.3165989482818374E-002  0.70088873501744031       0.34335658921017165     
  0.57632384740147358       0.18655859576355560       0.97075557932205969     
  0.88851970992990714       0.93742884560688466        6.5484516678614435E-002
  0.36780375898113105       0.50305933985638307       0.31408268767118930     
  0.91951226021133770       0.59856325480089501       0.23815078979101800     
  0.99665444626426014       0.31393741554160004       0.72134784728486390     
   3.4134665241059459E-002  0.50473495798851231        4.9256005061186214E-002
  0.56707149175110549       0.63699878306624835       0.10649643582824009     
  0.20061763515369657       0.68381030132192555       0.84592157160376602     
  0.55772097127117493       0.24817957320752415       0.83624892981981902     
  0.79111335736060950       0.24935013132069617       0.73270904104738832     
  0.97834467936732550       0.24583754894201104       0.76630138969004713     
  0.96586609562154058       0.27450732608798512       0.48411914529280453     
   4.1958450896763755E-002  0.44498057869243590       0.22615776727376480     
  0.45356276211218083       0.49485499008954259       0.77060525949559344     
  0.74822478437943751       0.80811500094395428       0.19256946582169543     
  0.88788776343940645       0.28874169616712608       0.48248831296234851     
  0.54748142185251625        8.9215984419815930E-003  0.69046411045516343     
  0.19480728617811771       0.55941538945921265        5.4724981982877452E-002
  0.99914219869634269       0.96455365921751568       0.88616688790550802     
  0.34902954319722557       0.94671604565261469       0.69911919799353983     
  0.56454331691699544       0.94173740016269580       0.21282680213476302     
   5.7085135897864681E-002   5.6610260328518680E-002  0.82110006613196618     
  0.12003882428595691       0.86049769056338454       0.83994723552292849     
  0.28046738112281866       0.97160052630883964       0.71012299665341083     
  0.33015690405044529       0.32926101913785710       0.19424962661995882     
  0.89825803370836244       0.69713547203597515       0.13990639841807917     
  0.88996661870609994       0.61142887148487146        9.9189947222958486E-003
  0.11221093758043066       0.35651743069700748       0.55463972713958831     
  0.60811651895854335       0.42476510845095816       0.30387486738214509     
  0.12397894133491227       0.26957757033644836       0.75314267605157903     
  0.11155591113917573       0.27590392289246701       0.83130274304020257     
  0.53694239531871579       0.13610133630703547        4.0503454904189828E-002
  0.98598640432011553       0.60694148893953126       0.38033634164381358     
  0.84820574309793839       0.59638467694102448       0.23300827908331057     
  0.90880352499184236       0.93771104949259665       0.79456703719711030     
   6.2851962342042711E-002  0.84164453889582791        6.7858650658136566E-002
  0.71327343535614340       0.37138037771147936       0.56214216836055286     
  0.69665603308294410        3.2751296659869089E-002  0.51661533487728295     
  0.51417757988045720       0.51392074945342991       0.45389057556008494     
  0.39910101132887998       0.64958548068848143       0.98526053980503658     
   3.7028917197222677E-003  0.82230674329062614       0.89211222722988248     
  0.70755690731067933        4.7571192640300408E-002  0.70986621487780566     
  0.82190899501495629       0.15778934802126843       0.57167944011391192     
  0.48198470634224289       0.86343599629712220       0.59140561027080041     
  0.69797732534013812       0.28253111166180767        8.5990015747145043E-002
  0.68827598702616155       0.34964750755632457       0.75770860586649924     
  0.69340583179088944       0.59287067784987857       0.61102205311300528     
   8.9862879863273015E-002  0.41988227557435787       0.35960096216665960     
  0.35402738716578452       0.50237488714079970       0.39431219194446288     
  0.25190844167249615       0.72598906345394698       0.63430233399219460     
  0.59918211376676367       0.54916780900330620       0.24941979068844899     
  0.38509452000761613       0.76211176222206978       0.50711685533584561     
  0.90823334621480489       0.17501519986279701       0.37087377878054739     
  0.14211349539130536       0.94824726822743488       0.73617899817297050     
  0.29158056546779743       0.60920113495144324       0.29144875527236669     
  0.56256490557605454       0.47150226614358159       0.94701944355475420     
  0.12176728243334589       0.87781641753801654       0.24273594037846524     
   1.1076120108260090E-002  0.18736450810567551        2.5296815241907522E-003
  0.49676776093451103       0.25152905433014139       0.30405273644987041     
  0.69384605704485702       0.75925522700585768       0.49546792381430693     
  0.89012523424373646        2.7956449754689916E-002  0.22036554095430227     
  0.25630546449041347       0.83174889331314927       0.68828406301088696     
  0.98211502884526980       0.31931131142153379       0.75582457070909592     
  0.33497960078302336       0.31008465380415262       0.28857444361330697     
  0.34957081682138669        2.5487081264543465E-002  0.93691248461671339     
  0.17683307915108260       0.95023116997887835       0.47180785636591382     
  0.57333016390788794       0.80103538907400373        5.6959705846708619E-003
  0.57883012140168144       0.88464466300464006       0.94514094395342008     
   4.7788256623481185E-002   2.2086489548055810E-002  0.89216422208577706     
  0.52719765423845855       0.23217913499716869        6.5044145375589668E-002
  0.82013113051582598       0.12644181840942392       0.29178767166773656     
  0.72819654829875624       0.31242812031808553       0.27732692475911314     
  0.12275329786889821       0.98759133060819371       0.44341141047771770     
   9.2050453675833643E-002  0.54269919318084237       0.14693528787386034     
  0.38510530642028395       0.96542818610638848       0.29138911927908706     
  0.94837695691204082       0.80934852285695946       0.62601876855878080     
  0.82528589387841433       0.53165323336338222       0.39818103605739930     
  0.43703598743762573       0.79070501259408932        2.2461383338927110E-002
  0.29968774931956010       0.49547196223232126        8.8429021938388863E-002
  0.69497203057023493       0.72495093239317565       0.89579495529250863     
  0.92905284394711185       0.76709470955782488       0.20517928674203334     
  0.80389874295336161       0.13677513478509307       0.91335271845667898     
  0.53655697011953840       0.49617526424613645       0.33041551473639974     
  0.48163318674418865       0.54174551561260742       0.35999779404113252     
  0.53222219307334662       0.47472059568929181       0.88787647919231760     
  0.88035965962129126       0.22311088221615105       0.42472785902597165     
   3.7793974343408920E-002  0.95726709036323865       0.20470907290138429     
   5.5101434299581586E-002  0.64988074674654461       0.51214710057981205     
  0.32480289192976675       0.50272033463950827       0.84621264715546773     
  0.26987208612015490       0.72775638951120936        5.9136310957985438E-002
  0.21241568542025346       0.70286326293702150       0.36223562844052781     
  0.53869903726644330       0.62814345329671972       0.47435218957544512     
  0.45367844809269819        8.8811610319694201E-002  0.26230540384207890     
  0.22835186988000933       0.76375705699701002       0.71352768582623616     
   3.4704294346312392E-002  0.22131090937050168       0.37220067733681372     
  0.85783858771983856       0.37550835776205715        7.8146018395766736E-002
  0.95980493235700226       0.98870255818518515       0.59687726360314375     
  0.70137548957914031       0.18383849909947958       0.42682047466257345     
  0.81411381187457266       0.78307236300282168       0.79014324447738005     
  0.83231673253046390       0.66592630366549410       0.68937334089886848     
  0.80168097417770712       0.21321197553595828       0.78936602593724348     
  0.24398024336476987       0.91632136089477334       0.20218571324663970     
  0.71026551443737118       0.20191690201092627       0.68571309991902785     
  0.87821078987634338       0.12608780235086703       0.50868727873266928     
   5.4735899326149307E-002  0.40782313984587582       0.34920462108108663     
   1.5101355960247975E-002  0.22978944318321071        5.8236053131215715E-002
  0.14306880045674564       0.50474840904368135       0.65321792363590525     
  0.43906549393520033       0.62545271603099672       0.53579820573091930     
  0.48022379045070696        6.2175112187595527E-002  0.56048465991414498     
  0.98920014914096033       0.54777200619656907       0.93033830013664653     
  0.57115578901653530       0.99073099490578020       0.45053308107234213     
  0.72284070898348263       0.32416544772331990       0.28275427317082136     
  0.53304253060073015       0.28081483399093088       0.19816536466118129     
  0.16694292092815222       0.13687691828193205       0.85455762186432349     
  0.63826097051881447       0.35775953139693306       0.16570056585090587     
  0.39076274244511278       0.97799532542023992       0.15973327142336824     
  0.54449996891941621       0.17454890446814308        7.4433910451703111E-002
  0.34083872895137901        6.2235591592820994E-002  0.56672985971399525     
  0.60526283942719117       0.72348766254912467       0.93603248078356438     
  0.65372375247707526       0.74947229457268094       0.93654905199449445     
  0.96563336166332780       0.78240737746973843       0.85091129857870251     
  0.75560253863499716       0.12755713035890515       0.70081893429980147     
  0.73814157775338740       0.83828982565157795       0.58052427706014653     
  0.95087359162157248       0.21786956527810164       0.81809071193539196     
  0.29388940355332394       0.82214880942644786       0.81461327532338379     
  0.94434257244231434       0.37875146045329533       0.65210373218405249     
  0.71158140520527768        7.9290230168457820E-002   6.3711587297166750E-002
  0.19063685057132718       0.90284688796379131       0.38672146629927306     
   7.1403804407650262E-002  0.69652825065251500       0.99504076034264310     
  0.32920246702052103       0.50498502053975336       0.31789277821584483     
  0.80122657513416728        1.2984368413835434E-002  0.54719856105384512     
  0.78830529519945391       0.62191389681597620       0.31159709885090159     
   6.6342515654205236E-002  0.29090623862711540       0.60749909036512206     
  0.29587279734418503       0.87557163609776523       0.70654954838370521     
  0.17200845208689663       0.15533134291889306       0.88090358486167408     
  0.64398527210007339       0.78024216413556813       0.45155726121051332     
  0.99918939988010680       0.42710700420412706       0.33286712197849921     
  0.53223515687221612       0.40401804170084132        2.2733313265199673E-002
  0.61869464118007844       0.11588821766204971       0.60596460779312800     
  0.68797709200981938       0.59220417301771244       0.16908414652841974     
  0.45141400990851466        5.5703887217930070E-002  0.86395935016679026     
  0.54072148763143457       0.84806649525980415       0.93959358335574628     
  0.63352261788893893       0.86190781353621604       0.57426002968912693     
  0.80025417372435415       0.72683206760208829       0.68965400150619238     
  0.20931658474905224       0.83957403747821890        4.4561505608879171E-002
  0.17998462509499202       0.23206915308150433       0.75717163130466592     
   3.5948657512902216E-002  0.64887499257701864        4.2235918171621867E-002
  0.66972661086213692       0.41869487160833463        7.7386463983455944E-002
  0.94479091815700367       0.19816263399773137       0.17089815118654861     
   1.7029476870996763E-002  0.20139773071257294       0.46250494988764135     
  0.92391986125954695       0.25001122593713609       0.64264624892354305     
  0.57122804599494004       0.18775738924712537       0.46177084673021840     
  0.65751612279894744       0.27018377007490368       0.85323082864558286     
  0.52570416041930546       0.14643065260408150       0.55624234663334104     
  0.81340309714494452        6.8226673576436969E-003  0.25791226583201676     
  0.45504772161562734       0.80997920228096154       0.21450556553956912     
  0.16365933085737483       0.58692813191972071       0.64497040140793160     
  0.49165102247235770        8.6415780421589261E-002  0.71964718878471701     
  0.32189075569569703       0.16644244741694381        2.0112167292647865E-002
  0.27739369230089161       0.76439577784706636       0.68116101129937068     
  0.81694435326181958       0.35326816592360377       0.49353955335116506     
  0.16824064979606579       0.53932281136165916       0.81641414272266943     
  0.29981388202670323        1.2336427840198283E-002  0.74095070120983564     
  0.52856860052195798       0.29365125690107452       0.91865572977054732     
  0.66860783872652363       0.18437148127759928       0.48004642586325674     
  0.30838708636233325       0.14546309981144001       0.11816698428506589     
  0.79755244740190756       0.85910398052504899       0.43149252328843468     
  0.84326497555844826       0.19098231832320378       0.65156215569348486     
  0.92772183038751377        4.0546954145380454E-002  0.41281989960798737     
  0.78019621238346859       0.20527909410867740       0.99302071235425060     
  0.51689899161193154       0.68689782755126905       0.80752225275175282     
  0.66086516953620278       0.25707625735854522       0.22244553788474142     
  0.62322786463580471       0.52794183479507406        4.4439987179567986E-002
  0.87228491334148506       0.11501851638709026       0.38620168425388968     
   7.2388419699425333E-002   3.7217407319234175E-002  0.29792991560520277     
  0.47051258691154707       0.34935403067732906        4.4493177384511196E-002
  0.52272148971869448       0.10240684358850416       0.29788944811351525     
   4.6929238118174177E-002  0.62568249643285312       0.18289205466764469     
  0.90057691381172733       0.56517287804851069       0.60364058044891533     
  0.30720077161792658       0.13166748775387516       0.96346770288395989     
  0.39219297687614962       0.92216619516279819       0.74660723208005220     
  0.71151763002952806       0.59392534389773788       0.43740222165855203     
  0.76868289274855273       0.70945601217790566       0.84788457019174146     
  0.56314826735346768       0.47497072513459215       0.88354987682502539     
   1.8169892183422132E-002  0.78190915498982105       0.33957785997962708     
  0.97735587159571380       0.61397973050635601       0.11256133955541103     
  0.68058277729357208       0.10349100446879556       0.66264282634224869     
  0.62501954590683584       0.23629702441991374       0.66563202137995425     
  0.51590358278283921       0.20715527947573698       0.49603653148373938     
  0.87980420973194162        7.6063871403361460E-002  0.60847201019699104     
   9.2937788232716256E-002  0.10393614376106586       0.71542010769066477     
  0.12402660182736558       0.89167733061648402        4.1864522125121706E-002
  0.25866024867606918        2.3454628635095953E-002  0.67384341872464748     
   9.5784960637645966E-003  0.55736762659391859       0.44277726439862330     
  0.25259839619405022       0.28167560812565207       0.41224048794342527     
  0.22142198113328415       0.83692616180664703       0.21429127086684574     
   2.1807215818908987E-002  0.17412835058427445       0.31764405064565171     
  0.27206090698357710       0.85731259859387299       0.71490975318132621     
  0.20751302386814163       0.89590980394753239       0.95788765747484916     
  0.74782795307005023        5.2325982938524085E-002  0.72008619871908441     
  0.85474405787236030       0.44504405238201306       0.91456527653469466     
  0.44719356657441889       0.19650769369647159       0.22287045265080840     
  0.35201147539168132       0.48309178977467215       0.73728726198638050     
  0.33527386689867988       0.91141471497380167       0.45777135067867580     
  0.41203697320908483       0.79940814372720159       0.71723221502778822     
  0.26338265636003422       0.16542396147971294       0.92244404875899966     
  0.67810841059160776        4.2950632224282081E-002  0.21650925759941131     
  0.80814862263198917       0.12735961354349812       0.44896974352324992     
  0.16570815626350532       0.11484471861100909       0.61756601621298501     
  0.37298844707066769       0.56634259961213318       0.86570282805328003     
  0.85128380218571209       0.94262963539606315       0.87118284039658722     
  0.84307184880994612       0.54896628115734825       0.20380945715917287     
  0.33674343690810438       0.69851835704208720       0.43934866106082104     
  0.91611081692647367       0.56143287186555035       0.37775762734342300     
  0.52107455265866442       0.29739332409082375       0.84593061000284331     
  0.50139982241707870        4.0937850117247043E-002  0.31135195779139768     
  0.93564378416902161       0.25824883921271202       0.69664428353094088     
  0.57832770538865941       0.86909800307121332       0.20214896941767180     
  0.51124554458064408       0.65573070965480440       0.77614894109278421     
  0.44556146157941456       0.54909777887311617       0.76528114901467592     
  0.23761328145890981       0.86624687993305660        3.6904897078670618E-002
  0.52553921908437795       0.77271252889242803       0.53799902471478989     
  0.32029384022415430       0.40677461000395709       0.77522538961923737     
  0.31620286957227972       0.12728530906741997       0.90259131030543449     
  0.92169204980213004       0.35674195685686394       0.94961787510536877     
  0.44193410111086395       0.43935724129292708       0.91277691003265649     
  0.73429321738253439       0.12188662906461312       0.56934006805663162     
  0.21120163139550652       0.87448397909041831       0.53370900881945049     
  0.51047786047914168       0.45115524886418545       0.32312356301059575     
  0.59062432035335366       0.51705845454466703       0.71421153777869706     
  0.83750006280437395       0.98966160315587248       0.18806607783545137     
  0.56743977808444734       0.15269173037403960       0.30153430905759315     
  0.57791037278089019       0.35431097411291868       0.21804348107346205     
  0.27450756801611675       0.30021908186075141       0.59461339426154725     
  0.74933814573545598       0.33301444277095160       0.66352524679049885     
  0.77725196599705426       0.91697583649664272       0.94536125177668462     
  0.80773923786189805       0.78685632921205229       0.89133555430987177     
  0.67851872245962463       0.86173518019460993       0.21025322906455257     
  0.13203407583200455        8.9197335791700971E-002  0.73439489998032881     
  0.97804688757423774       0.97827078793483968       0.10610511990721372     
  0.25470440372178094       0.65127401333074153       0.76600739921265038     
  0.19796897607895925       0.72321089335167399        7.9598859398528288E-002
  0.93636926037825730       0.61797638544198807       0.56355080016401182     
  0.64733589217246301       0.23399567333606608        5.3878107812059817E-003
  0.54665858710652704       0.58040468290225666       0.15118120163446103     
  0.56000760977766872       0.41058485858902172       0.86763642025020460     
  0.38858575129471740       0.24777086049229002       0.94654385438610233     
  0.29552024987897230       0.73562910610091115       0.55912982202317307     
   1.3087586586657096E-002  0.20704848354753325       0.95621243634883168     
  0.83186195955546660       0.81059984032348231       0.96250991381310735     
  0.80368856350315376       0.32244324216764864       0.49661325060609862     
  0.55837282847169933       0.15169724565545162       0.26798463087526980     
  0.32840001748240244       0.96923923905702170       0.13008085923292401     
  0.75793730270023729       0.72972853192436049       0.86227690890090725     
  0.23977650351113278       0.92617144137375262       0.89195387630786871     
  0.39767095374129346        6.2386000716009971E-002  0.64358288995341728     
  0.89900242577124567       0.76684109145176704       0.16449419700852708     
  0.46361264736684604       0.15578155356077683       0.68003249303027458     
  0.85453252110690070       0.63094458384200158       0.33016176871426739     
  0.32490533168949498       0.74154280169831910       0.40346694273116834     
  0.85617166210357676        2.8574920520653913E-002  0.73209694364830891     
  0.25011662686344016       0.70825035373322065       0.27593120789806425     
  0.56570956084634694       0.27602531783257378       0.71630212880889665     
  0.76447354069007223       0.96811212192460416       0.11175761798899875     
  0.99198841239859259       0.54544205688850045       0.81065878503862276     
  0.72961020925192488       0.40129453788492386       0.59719316800421418     
  0.71435521713252781       0.73766177287384382       0.82185960562852678     
  0.92436271726119579       0.93235897144287738       0.78478201202574993     
  0.83091223186634899       0.54381142462710341       0.54893993549406772     
  0.29023127183564568       0.88636576923554145       0.27746294914000658     
  0.19304782774284968        2.6112097587493222E-002  0.17161524100595404     
  0.44711104282517211       0.58873016884545837       0.88263634477884467     
  0.91680852040806371        8.6819314147121851E-002  0.75891961935046848     
  0.20247124741049682       0.68101973526798798       0.70663753003260599     
  0.72093679536189936       0.31158523216624068       0.17689264525189130     
  0.97995263083963013       0.41236563384847302       0.55988128337357013     
  0.14831045827565859       0.17129045065185222       0.34607844315465941     
  0.59204924901195621       0.49735711692182305       0.42141302344104736     
  0.28531196224124156       0.19326295351282619       0.95598816064699355     
  0.53627117039904293        6.2389123346835440E-002  0.98571524449954673     
  0.79253013143777229       0.92568611720820182       0.55576751315477457     
   1.2257343602500415E-002  0.21073969409968007       0.58591770949117972     
  0.22265833219982833       0.15954253829541043        1.0735596614462661E-002
   3.3560922475143307E-002  0.98383777426411367       0.85019116725490473     
   8.1221050703790265E-002  0.88089129505700192       0.38017526601414298     
  0.92475990391526608       0.77217585355545004       0.49281354491112805     
  0.72945684561700996       0.28366748675587272       0.65725862885106578     
  0.94408397750433437       0.61459946765192297       0.63819316848765961     
  0.34429729121620511       0.65092850038895256       0.22428945560884206     
  0.84628021906931328       0.88802267101945698       0.54999916702392337     
  0.49619910109805165       0.29737017934795262       0.36532165274371420     
  0.28843443653157952       0.77492268206562387        4.7175383965524342E-002
  0.30938812724482478       0.89743963803553617       0.81770599547890210     
   2.6763879171753935E-002  0.56892429157202695       0.79895084406741201     
  0.54739853023097662       0.40942206172855422       0.92829717430866465     
  0.80102093554064790       0.70455426650170083       0.73544948237801089     
  0.81399664203058852       0.64091705272059052       0.39785826504349531     
  0.80122825838166534       0.44719608036946246       0.43283172954431481     
   1.5022395911935216E-002  0.21174388692177626       0.30171742426644066     
  0.55204672616946615       0.11469616486568279       0.29163512902541000     
  0.29050621677111088        3.2758539403154319E-002  0.64681348537133343     
  0.71633256262668055       0.55312243304553688       0.86642278621752833     
  0.85831516562006072       0.79710525232408780       0.79434156114984045     
  0.51989325577164114       0.10504720008730239       0.26452728168895101     
  0.69718936466162440       0.26943910846984531       0.82722799081848430     
   4.8387021094375982E-004  0.86747174102369384       0.84017840694598067     
  0.90928543682705032       0.77989943196692935       0.60664939544744667     
  0.54059197715979790       0.69692730101468592       0.13219396073398215     
  0.11657755525321067       0.42450901974618027       0.37157352435613888     
